-2.76 -2.13 1
0.42 0.41 1
-2.03 -2.02 1
-1.33 -1.76 1
-1.16 -1.11 1
2.04 1.62 1
-2.48 -2.50 1
0.18 0.38 1
-1.91 -1.36 1
2.58 1.99 1
1.87 1.70 1
3.12 2.33 1
-0.94 -1.01 1
0.19 0.03 1
-2.65 -2.57 1
0.84 0.81 1
-2.73 -2.25 1
-2.13 -2.27 1
-2.70 -2.27 1
0.17 -0.21 1
1.74 1.37 1
-0.59 -0.40 1
1.78 1.83 1
2.80 2.15 1
-2.59 -2.48 1
-2.46 -2.01 1
-0.60 -0.78 1
-2.16 -1.85 1
2.11 1.85 1
-1.46 -1.77 1
2.21 1.96 1
2.02 1.75 1
1.36 0.96 1
-0.22 -0.34 1
-1.57 -1.09 1
-2.35 -2.43 1
-2.19 -2.10 1
1.67 1.19 1
2.47 1.75 1
2.41 1.47 1
-0.60 -0.57 1
2.30 2.00 1
-0.14 -0.19 1
-1.19 -0.91 1
-2.07 -2.01 1
0.39 -0.03 1
-1.43 -1.05 1
-0.82 -0.61 1
-2.48 -2.39 1
-1.55 -1.34 1
1.74 1.15 1
2.35 1.75 1
1.43 0.81 1
-0.59 -0.59 1
-2.88 -2.51 1
-2.81 -2.35 1
-1.61 -1.61 1
0.48 0.32 1
-0.31 -0.19 1
1.41 1.07 1
0.98 0.73 1
0.66 0.11 1
2.32 1.49 1
2.36 2.12 1
0.01 -0.20 1
1.61 1.39 1
0.39 0.07 1
-2.35 -2.24 1
2.42 2.53 1
2.00 1.74 1
1.43 0.96 1
0.18 0.14 1
-2.61 -2.64 1
1.16 0.76 1
1.11 0.87 1
-0.13 -0.36 1
1.89 1.76 1
2.37 2.07 1
2.37 1.86 1
1.23 0.64 1
-0.69 -0.63 1
2.48 2.07 1
-1.72 -1.68 1
1.64 1.20 1
1.24 0.93 1
1.68 1.42 1
1.88 1.25 1
-0.08 -0.49 1
-1.37 -1.12 1
2.32 2.36 1
-2.52 -2.21 1
-0.64 -0.57 1
-2.15 -1.82 1
-2.81 -2.08 1
0.72 0.98 1
-1.38 -1.00 1
-1.50 -0.63 1
1.55 0.96 1
2.66 1.99 1
-0.90 -0.33 1
1.20 1.35 1
-0.62 -0.83 1
-1.54 -1.62 1
0.03 -0.12 1
2.67 2.24 1
-0.82 -0.67 1
-1.10 -0.94 1
-1.07 -1.23 1
1.88 1.46 1
-1.17 -1.27 1
-0.41 -0.14 1
1.48 1.02 1
0.64 0.26 1
1.78 1.07 1
1.99 1.43 1
-1.75 -1.51 1
0.78 0.31 1
0.58 0.16 1
-2.29 -1.51 1
1.59 1.21 1
-1.49 -1.77 1
0.65 0.51 1
0.35 0.37 1
2.65 1.82 1
-2.35 -1.74 1
0.36 0.40 1
-2.91 -2.34 1
2.16 1.23 1
-1.05 -0.96 1
-0.70 -0.90 1
-2.16 -1.95 1
3.03 2.42 1
2.45 1.85 1
1.77 1.35 1
-0.04 -0.45 1
1.90 1.44 1
-0.57 -0.66 1
-1.76 -1.56 1
-2.61 -2.35 1
-0.23 -0.13 1
-2.37 -2.29 1
-1.57 -1.31 1
-2.54 -2.45 1
2.22 1.46 1
-0.13 -0.59 1
1.58 1.03 1
1.62 0.74 1
1.88 1.34 1
-0.24 -0.12 1
-0.99 -0.89 1
1.38 1.11 1
2.60 1.61 1
-2.34 -1.40 1
-1.59 -1.72 1
-1.82 -1.91 1
1.12 0.37 1
-1.99 -1.94 1
-2.27 -2.28 1
1.24 0.79 1
0.16 -0.08 1
2.69 1.77 1
2.89 2.42 1
-1.39 -1.00 1
-1.85 -1.70 1
0.25 -0.23 1
2.73 2.49 1
-1.77 -1.76 1
-2.38 -2.19 1
-2.40 -2.05 1
0.83 0.38 1
-1.33 -0.76 1
-2.83 -2.31 1
2.41 1.71 1
0.27 0.08 1
-0.61 -0.64 1
0.78 0.45 1
2.18 1.87 1
-0.62 -0.93 1
2.29 1.76 1
-2.68 -2.46 1
-2.32 -2.07 1
1.77 1.16 1
-1.43 -1.13 1
-1.02 -1.20 1
-1.32 -1.05 1
-0.66 -0.90 1
2.67 1.73 1
-1.92 -1.65 1
2.32 1.77 1
-0.40 -0.19 1
2.17 1.33 1
2.77 2.53 1
-0.35 -0.32 1
1.00 0.93 1
-2.47 -2.58 1
2.26 1.75 1
-0.78 -1.11 1
0.36 -0.06 1
-0.28 -0.59 1
-2.63 -2.76 1
-0.78 -0.87 1
-0.78 -0.86 1
1.20 1.08 1
-0.44 -0.35 1
-0.10 0.07 1
2.21 1.59 1
-1.76 -1.79 1
1.99 1.49 1
2.06 1.76 1
0.54 0.18 1
2.98 2.24 1
1.35 0.91 1
-0.89 -0.16 1
-0.44 -0.70 1
0.17 0.13 1
-1.71 -1.58 1
0.52 0.38 1
0.96 1.07 1
1.05 0.91 1
-0.46 -0.50 1
-0.42 -0.56 1
0.99 0.89 1
1.30 1.46 1
-0.79 -0.98 1
1.93 0.96 1
-3.13 -2.27 1
-1.92 -1.69 1
-2.07 -2.05 1
1.70 1.27 1
-0.59 -0.52 1
0.04 -0.25 1
-1.04 -0.77 1
-0.44 0.30 1
-0.72 -1.19 1
0.23 0.37 1
2.73 2.40 1
1.23 0.82 1
-0.62 -0.14 1
-2.28 -2.12 1
-3.14 -2.19 1
0.14 -0.09 1
-0.51 -0.70 1
1.96 1.31 1
0.42 -0.38 1
-0.09 -0.54 1
-0.32 -0.48 1
1.66 1.57 1
0.41 0.08 1
2.10 1.88 1
2.97 2.52 1
2.19 1.86 1
2.81 2.29 1
1.91 1.42 1
-0.10 -0.25 1
-2.60 -1.86 1
-0.58 -0.85 1
0.47 0.27 1
-1.39 -1.61 1
0.99 0.35 1
1.24 0.90 1
1.96 0.78 1
-0.29 -0.35 1
1.60 1.02 1
1.43 1.22 1
0.50 0.62 1
-2.09 -1.49 1
-0.96 -0.67 1
0.28 0.14 1
-2.46 -2.53 1
1.53 0.56 1
1.87 1.18 1
-0.50 -0.87 1
-0.54 -0.85 1
-2.43 -2.09 1
2.68 2.46 1
0.43 0.46 1
-1.01 -0.64 1
-0.87 -1.03 1
2.20 2.03 1
0.44 0.46 1
0.05 -0.19 1
0.14 0.14 1
-0.55 -0.81 1
0.90 0.59 1
0.85 0.78 1
1.49 1.16 1
1.60 1.74 1
-0.13 -0.27 1
2.92 2.48 1
2.37 1.96 1
-0.73 -0.93 1
0.87 1.03 1
-1.89 -1.63 1
-1.76 -1.87 1
2.48 1.85 1
-0.58 -0.64 1
2.84 1.94 1
-0.93 -0.99 1
-0.89 -0.63 1
-2.46 -1.82 1
2.74 1.96 1
1.18 0.74 1
-2.16 -2.00 1
1.62 0.96 1
-2.83 -2.40 1
-0.73 -0.30 1
-1.14 -0.90 1
0.56 0.11 1
0.29 -0.29 1
-2.03 -1.87 1
0.87 1.20 1
0.14 0.11 1
0.61 0.24 1
-1.03 -1.04 1
2.32 1.68 1
0.07 0.18 1
-1.36 -1.49 1
1.68 0.85 1
-1.60 -1.83 1
3.12 2.11 1
0.24 -0.27 1
3.12 1.89 1
-1.94 -1.98 1
0.65 0.03 1
0.08 -0.00 1
-2.54 -2.06 1
-2.98 -2.37 1
-0.49 -0.70 1
0.75 0.38 1
-2.01 -2.15 1
-2.64 -2.28 1
2.23 1.59 1
-2.69 -2.72 1
2.83 2.49 1
-2.95 -2.44 1
2.24 1.86 1
-1.41 -1.49 1
-0.99 -0.40 1
0.78 0.34 1
0.70 0.13 1
-0.43 -1.14 1
2.91 1.73 1
-1.78 -1.90 1
2.56 2.18 1
1.86 2.00 1
-0.81 -1.03 1
-1.62 -1.20 1
-2.06 -2.04 1
2.22 1.70 1
0.43 -0.35 1
-0.64 -0.93 1
0.56 0.35 1
-0.17 -0.23 1
0.42 -0.17 1
-2.23 -1.72 1
0.78 0.41 1
0.20 0.33 1
1.90 1.39 1
0.07 0.08 1
-0.64 -0.89 1
-1.46 -0.98 1
0.93 0.38 1
0.52 0.14 1
1.85 1.37 1
2.62 2.29 1
-0.87 -1.10 1
-1.74 -1.51 1
2.47 2.00 1
0.87 0.91 1
2.07 1.29 1
2.71 1.80 1
2.39 2.02 1
-1.55 -1.62 1
-1.92 -1.78 1
-0.10 -0.57 1
1.15 0.83 1
2.87 1.99 1
1.29 1.25 1
-0.11 -0.29 1
0.69 0.21 1
-1.20 -1.52 1
2.63 2.15 1
-0.26 -0.58 1
3.09 2.37 1
-1.88 -1.58 1
0.28 0.00 1
0.33 0.33 1
-1.90 -1.57 1
0.77 0.24 1
-1.05 -1.32 1
-1.73 -1.60 1
2.52 1.56 1
1.70 1.71 1
-1.25 -1.26 1
-2.28 -1.72 1
-2.46 -1.99 1
-2.31 -1.92 1
-2.05 -1.64 1
-1.46 -1.62 1
-1.55 -1.63 1
2.79 2.11 1
1.84 1.19 1
0.22 -0.11 1
-2.37 -2.31 1
-0.36 0.34 1
0.09 0.39 1
2.46 1.59 1
-1.33 -1.09 1
-2.17 -1.69 1
2.24 2.22 1
-0.03 -0.25 1
2.33 1.83 1
-2.12 -1.59 1
-2.79 -2.46 1
0.79 0.19 1
-0.30 -0.52 1
2.82 2.10 1
-1.81 -1.87 1
-0.77 -1.01 1
-0.89 -1.06 1
0.78 0.68 1
2.54 2.36 1
-1.85 -1.69 1
-1.15 -0.97 1
-0.01 -0.27 1
-0.74 -0.40 1
1.18 1.10 1
-0.83 -0.40 1
0.84 0.77 1
1.34 0.79 1
1.97 1.38 1
-1.54 -1.37 1
-1.54 -1.35 1
-2.75 -2.39 1
-2.28 -1.60 1
-0.13 -0.44 1
3.21 2.23 1
2.52 2.09 1
2.03 1.50 1
-2.04 -2.00 1
0.38 0.28 1
-1.63 -1.90 1
-2.47 -1.99 1
-2.88 -2.37 1
-0.34 -0.52 1
-0.76 -1.51 1
2.27 1.77 1
0.16 0.09 1
-0.17 -0.12 1
1.13 0.91 1
2.31 1.79 1
-2.75 -2.26 1
-0.03 -0.20 1
2.06 1.62 1
0.97 0.85 1
2.62 2.28 1
0.83 1.17 1
1.31 1.45 1
1.11 0.58 1
1.53 0.91 1
-0.89 -0.71 1
-0.97 -0.78 1
-1.04 -0.97 1
-0.37 -0.35 1
2.90 2.27 1
1.19 0.79 1
1.29 1.16 1
-1.04 -1.27 1
1.14 0.98 1
1.07 0.85 1
-2.14 -1.82 1
-1.00 -0.88 1
0.77 0.75 1
0.82 0.46 1
2.14 1.76 1
1.17 0.37 1
-1.57 -1.85 1
1.49 0.82 1
-2.21 -2.02 1
-1.64 -1.93 1
-0.89 -1.33 1
-1.95 -1.21 1
1.28 1.06 1
-1.27 -1.66 1
-1.80 -1.51 1
-1.80 -1.07 1
-2.42 -1.41 1
1.27 1.21 1
-1.54 -1.43 1
1.28 1.28 1
-1.09 -1.00 1
-2.53 -1.87 1
-0.31 0.04 1
-2.43 -1.54 1
-0.03 -0.14 1
1.67 1.07 1
-1.50 -1.57 1
-2.31 -1.86 1
-0.29 0.06 1
2.18 1.30 1
0.99 -0.89 2
1.24 -1.24 2
-1.31 0.98 2
0.44 -0.42 2
-0.71 0.13 2
-3.03 2.46 2
1.42 -1.21 2
-1.43 1.13 2
-0.11 -0.01 2
1.61 -1.52 2
-1.31 1.03 2
-2.17 1.66 2
-1.72 1.21 2
-0.45 0.05 2
0.53 -1.32 2
-2.63 2.35 2
-0.74 0.72 2
2.71 -2.75 2
0.32 -0.06 2
2.53 -1.85 2
-1.10 1.15 2
-2.53 2.14 2
1.61 -0.89 2
0.38 -0.45 2
0.34 -0.71 2
-0.02 -0.86 2
-0.81 0.59 2
1.13 -1.13 2
2.01 -2.02 2
-0.47 0.22 2
-1.30 1.30 2
-0.95 0.71 2
-1.07 1.05 2
-2.03 1.65 2
0.65 -1.14 2
2.20 -2.30 2
1.37 -1.14 2
0.83 -0.90 2
1.71 -1.33 2
-1.16 1.55 2
2.36 -2.24 2
1.78 -1.81 2
0.91 -1.19 2
1.23 -0.92 2
1.76 -1.48 2
-1.49 0.59 2
-0.87 0.38 2
1.21 -1.45 2
-1.83 1.55 2
-1.97 1.88 2
-0.84 -0.10 2
0.48 -0.47 2
0.34 -0.02 2
2.65 -2.38 2
-0.38 0.42 2
-1.92 1.42 2
2.35 -1.96 2
1.07 -1.39 2
-1.45 1.13 2
2.04 -1.66 2
-1.86 1.17 2
1.69 -1.33 2
-1.21 0.98 2
-2.76 2.38 2
-0.08 -0.63 2
0.18 -0.25 2
-1.33 1.26 2
1.15 -0.89 2
-0.45 0.54 2
-1.70 1.17 2
0.48 -0.49 2
-1.53 1.10 2
0.48 -0.41 2
-0.56 0.72 2
-2.36 1.26 2
-3.08 2.29 2
0.84 -0.63 2
0.08 -0.18 2
1.20 -1.37 2
0.69 -0.77 2
-0.21 0.14 2
0.99 -1.21 2
1.73 -1.79 2
1.27 -0.71 2
2.75 -2.58 2
-0.35 0.08 2
2.22 -2.07 2
-1.31 1.29 2
-0.47 0.16 2
1.65 -0.99 2
-0.05 -0.21 2
2.64 -1.95 2
-2.08 1.44 2
2.22 -1.79 2
-0.92 0.56 2
-2.60 1.72 2
-2.71 1.95 2
-2.33 2.09 2
1.28 -1.17 2
1.28 -1.59 2
-2.19 1.44 2
-0.40 0.45 2
2.00 -1.86 2
-0.63 0.73 2
2.77 -2.53 2
2.65 -2.62 2
-2.47 2.02 2
0.26 -0.12 2
1.79 -1.65 2
2.36 -2.41 2
-1.50 1.20 2
-0.84 0.24 2
-0.36 0.17 2
1.50 -1.07 2
-1.68 1.30 2
1.78 -1.56 2
0.87 -1.25 2
1.66 -1.40 2
0.85 -0.56 2
-2.04 1.50 2
0.44 -0.64 2
-2.54 2.28 2
-0.80 0.84 2
2.92 -2.52 2
1.83 -1.28 2
-1.14 0.84 2
1.53 -1.26 2
1.86 -1.88 2
-2.83 2.03 2
0.69 -1.06 2
-2.76 1.64 2
-1.61 1.12 2
1.70 -1.81 2
-0.75 0.33 2
1.55 -1.40 2
2.14 -1.78 2
-2.94 2.06 2
3.02 -2.40 2
1.29 -1.53 2
0.09 -0.07 2
-1.59 1.55 2
-2.34 2.11 2
1.73 -1.51 2
1.39 -1.00 2
0.29 -0.80 2
-0.04 -0.31 2
1.19 -1.29 2
-0.68 0.73 2
2.52 -2.23 2
-1.27 0.86 2
0.49 -0.50 2
0.43 -0.85 2
-0.73 0.33 2
-0.75 0.14 2
-0.89 0.38 2
1.48 -0.86 2
2.14 -2.03 2
-2.86 2.33 2
-1.23 1.05 2
-2.50 2.07 2
-2.33 1.80 2
1.37 -1.45 2
-0.20 0.03 2
2.53 -2.56 2
-2.73 2.17 2
0.54 -0.92 2
1.96 -2.13 2
2.63 -2.11 2
1.26 -1.65 2
-1.91 1.40 2
-2.67 2.35 2
-3.00 1.74 2
-2.95 2.48 2
-2.42 1.81 2
-2.03 1.16 2
1.86 -1.99 2
2.53 -2.13 2
0.99 -0.69 2
-0.12 0.24 2
0.36 -0.14 2
-2.00 1.48 2
2.15 -1.55 2
0.23 -0.55 2
1.52 -1.23 2
1.76 -1.63 2
0.17 -0.90 2
-2.06 1.44 2
-2.54 1.72 2
-0.92 0.54 2
-1.92 1.25 2
-0.30 0.10 2
1.41 -1.51 2
-2.53 2.25 2
0.68 -0.87 2
-1.71 1.07 2
2.70 -2.02 2
-2.40 1.72 2
2.42 -1.98 2
0.37 -0.15 2
1.01 -0.98 2
1.39 -1.78 2
1.42 -1.33 2
2.58 -2.08 2
-2.16 1.44 2
-1.44 1.17 2
-1.74 1.27 2
-1.42 1.26 2
-2.18 1.64 2
0.43 -0.71 2
-1.15 0.90 2
-0.30 0.08 2
1.44 -1.34 2
-0.87 0.74 2
0.68 -0.76 2
-2.80 1.66 2
-0.83 0.75 2
-0.76 0.31 2
-2.01 1.62 2
-2.04 2.04 2
2.80 -2.11 2
2.39 -2.19 2
-0.69 0.35 2
-0.05 0.00 2
2.70 -2.56 2
1.77 -1.48 2
-0.23 0.20 2
-1.49 1.33 2
-2.92 2.08 2
0.24 0.12 2
1.63 -1.72 2
-2.17 1.85 2
0.56 -0.80 2
-2.14 1.68 2
-2.69 2.44 2
-3.23 2.18 2
2.78 -1.98 2
2.30 -2.15 2
0.88 -0.98 2
-1.57 1.18 2
1.26 -1.15 2
-1.14 1.15 2
-1.46 1.36 2
-1.39 0.95 2
2.11 -2.32 2
0.00 -0.12 2
1.00 -0.90 2
2.07 -1.60 2
-1.82 1.27 2
-1.46 0.88 2
-0.59 0.72 2
2.72 -2.10 2
2.50 -2.12 2
1.87 -1.94 2
-2.81 2.62 2
-2.74 2.07 2
1.91 -1.40 2
-2.74 1.95 2
1.79 -1.65 2
-1.44 1.32 2
-2.03 2.40 2
1.49 -1.44 2
1.20 -1.24 2
-1.55 0.62 2
1.32 -1.22 2
-2.30 1.90 2
1.22 -0.91 2
-0.85 1.01 2
2.25 -2.12 2
-2.21 1.62 2
3.01 -2.32 2
0.41 -0.38 2
-2.81 2.41 2
-1.69 1.74 2
0.83 -0.80 2
-1.48 1.13 2
1.30 -0.54 2
-1.12 1.25 2
1.64 -0.84 2
1.69 -1.14 2
-1.49 1.44 2
1.82 -1.54 2
1.09 -1.00 2
-0.24 0.10 2
-2.65 2.05 2
0.27 -0.79 2
-0.05 0.13 2
0.71 -0.71 2
-0.40 0.17 2
-3.12 2.20 2
-1.24 1.13 2
1.23 -0.71 2
0.54 -0.45 2
-0.91 0.95 2
-0.81 0.86 2
0.48 -0.65 2
-1.55 0.90 2
1.40 -1.22 2
-1.05 1.15 2
-0.30 0.17 2
-1.23 0.87 2
-0.03 -0.34 2
2.47 -1.96 2
1.54 -1.33 2
-1.24 1.24 2
-2.27 1.54 2
-2.22 1.75 2
-0.03 -0.00 2
-0.10 -0.16 2
-1.32 0.87 2
2.79 -2.27 2
0.81 -0.76 2
-0.47 0.33 2
-0.66 0.39 2
-0.19 -0.05 2
-1.18 1.27 2
-2.52 2.21 2
-1.32 1.15 2
-0.35 0.02 2
-2.66 2.38 2
-0.31 0.04 2
1.07 -0.77 2
-0.78 0.06 2
-2.30 1.69 2
-2.95 2.55 2
-0.97 0.63 2
-2.18 1.81 2
1.88 -2.23 2
2.70 -2.41 2
-1.94 1.25 2
-0.77 0.46 2
2.56 -2.39 2
1.21 -1.28 2
2.33 -1.75 2
-1.90 2.06 2
-2.31 1.67 2
0.06 -0.30 2
0.07 -0.39 2
0.64 -0.78 2
-0.40 -0.02 2
2.41 -2.04 2
-1.31 1.02 2
0.62 -0.82 2
1.61 -1.68 2
-2.99 2.32 2
2.51 -2.51 2
-2.93 2.25 2
-0.11 -0.08 2
0.30 -0.95 2
-2.98 2.33 2
-2.88 2.16 2
0.18 -0.25 2
1.28 -1.28 2
2.70 -2.84 2
1.21 -1.41 2
0.33 -0.82 2
-0.63 0.53 2
-0.94 0.36 2
1.37 -0.75 2
1.09 -1.30 2
2.21 -2.02 2
-1.88 1.72 2
-0.44 0.27 2
-1.28 1.04 2
-1.88 1.69 2
-1.10 0.93 2
-0.87 0.44 2
0.02 -0.35 2
1.25 -1.41 2
0.41 -0.57 2
0.39 -1.14 2
-1.60 0.91 2
-2.81 2.36 2
0.26 -0.49 2
1.41 -1.42 2
1.45 -1.64 2
-0.49 0.10 2
-1.17 1.15 2
-2.35 1.61 2
-2.96 2.39 2
1.74 -1.93 2
-0.81 0.66 2
-0.82 0.84 2
-2.30 1.70 2
2.57 -2.15 2
-1.51 1.21 2
1.93 -1.81 2
-0.27 0.04 2
1.08 -0.95 2
-1.85 1.18 2
2.48 -2.31 2
-2.87 1.65 2
-1.19 0.63 2
1.67 -1.62 2
-2.28 1.66 2
2.38 -2.21 2
-0.98 0.88 2
-0.44 0.40 2
-0.88 0.19 2
0.80 -0.60 2
1.73 -1.96 2
-2.13 1.40 2
-2.61 1.36 2
-0.31 0.20 2
-0.35 -0.01 2
1.81 -1.48 2
-1.69 1.64 2
-1.31 1.48 2
1.98 -1.68 2
-0.37 0.17 2
-0.64 0.51 2
-3.00 2.34 2
-2.78 2.44 2
1.76 -1.26 2
1.79 -1.76 2
-0.63 0.62 2
1.53 -1.34 2
1.39 -1.13 2
-2.37 1.76 2
0.15 -0.62 2
-0.49 0.16 2
2.85 -2.12 2
1.61 -1.47 2
0.64 -0.38 2
-0.39 0.34 2
0.67 -0.62 2
1.54 -1.36 2
-1.70 1.03 2
2.25 -2.37 2
-1.19 0.67 2
2.63 -2.60 2
-0.27 0.33 2
0.43 -1.22 2
2.73 -2.41 2
-0.82 0.41 2
1.67 -1.55 2
0.85 -0.86 2
0.98 -1.43 2
0.72 -0.76 2
2.80 -2.53 2
-2.35 1.86 2
0.02 0.09 2
0.82 -1.00 2
-3.07 2.13 2
0.71 -0.98 2
1.79 -1.42 2
-1.74 0.93 2
-1.71 1.08 2
1.14 -1.09 2
2.10 -2.32 2
-0.72 0.91 2
2.29 -2.54 2
1.22 -1.37 2
-2.72 2.46 2
-2.15 1.72 2
-0.03 -0.05 2
-2.72 2.42 2
-0.12 0.54 2
-2.17 1.65 2
2.52 -2.46 2
-2.61 2.58 2
-1.36 1.42 2
-2.66 2.12 2
0.98 -0.83 2
-2.30 2.19 2
2.63 -1.94 2
0.44 -0.66 2
-2.59 2.19 2
-0.36 0.58 2
2.26 -1.86 2
-2.14 1.56 2
1.46 -0.66 2
-0.29 0.24 2
-0.62 0.68 2
-3.06 2.31 2
-2.13 1.91 2
-1.58 1.12 2
-2.35 1.68 2
-2.33 1.95 2
-1.25 1.01 2
-2.14 1.83 2
-0.20 0.14 2
-1.06 0.17 2
-2.21 1.39 2
-1.00 0.79 2
-1.73 0.85 2
0.79 -0.69 2
1.22 -1.04 2
0.79 -0.69 2
1.53 -1.62 2
0.79 -0.80 2
-0.80 0.17 2
-1.11 0.56 2
-0.54 0.27 2
-1.66 1.44 2
1.55 -1.57 2
1.10 -1.55 2
-1.92 1.44 2
-0.67 0.88 2
-0.91 0.60 2
2.42 -2.21 2
