0.80 0.47 1
-1.73 0.16 1
0.58 -0.03 1
-1.52 -0.40 1
-1.35 -0.85 1
0.08 -0.95 1
-1.87 -0.26 1
-1.58 -0.64 1
0.78 0.10 1
-0.14 -1.54 1
0.10 -1.01 1
-1.43 -1.17 1
0.42 -0.88 1
0.42 -0.78 1
-0.50 -1.10 1
0.54 0.01 1
0.60 -0.41 1
-1.08 -1.32 1
0.87 0.39 1
-1.94 -0.52 1
-0.02 -1.24 1
-1.04 -1.71 1
0.78 0.64 1
1.06 0.60 1
-0.32 -1.76 1
-0.03 -1.23 1
-0.50 -1.67 1
0.23 -0.96 1
-0.37 -1.44 1
0.81 0.14 1
-0.97 -1.51 1
0.40 -0.57 1
-0.40 -1.52 1
-1.49 -0.74 1
-0.25 -1.35 1
-0.63 -1.43 1
0.18 -1.15 1
-0.40 -1.27 1
-0.70 -1.72 1
0.77 0.21 1
0.46 -0.74 1
-2.02 0.18 1
0.58 -0.48 1
-1.64 -0.97 1
-0.76 -1.56 1
0.63 -0.13 1
0.28 -0.81 1
-1.23 -1.52 1
-0.93 -1.47 1
-1.71 -0.19 1
0.79 0.62 1
-2.02 0.23 1
-0.63 -1.59 1
-1.13 -1.37 1
-1.46 -1.11 1
-0.95 -1.68 1
-1.40 -1.48 1
0.68 0.14 1
-1.51 -0.55 1
-1.97 0.39 1
-1.03 -1.22 1
-1.37 -1.04 1
-1.26 -1.34 1
0.03 -0.42 1
-1.45 -0.90 1
-1.49 -1.12 1
-1.04 -1.34 1
-0.19 -1.40 1
0.12 -0.90 1
0.29 -1.13 1
-1.01 -1.09 1
0.46 -0.54 1
-1.43 -1.12 1
-0.16 -1.64 1
0.79 0.56 1
-0.67 -1.59 1
-0.93 -1.52 1
0.10 -1.34 1
-2.05 0.56 1
-1.14 -1.34 1
-1.50 -1.00 1
-0.24 -1.30 1
-1.47 -0.81 1
-1.39 -0.84 1
0.80 0.92 1
-2.09 0.08 1
-1.60 -0.21 1
0.88 0.69 1
-1.96 -0.22 1
-0.57 -1.46 1
0.26 -0.43 1
-0.39 -1.72 1
-0.27 -1.16 1
-0.82 -1.42 1
-0.47 -1.69 1
0.58 0.47 1
-1.79 -0.06 1
-0.90 -1.31 1
-1.90 0.07 1
-2.26 0.60 1
-1.53 -1.07 1
0.41 -0.27 1
-0.84 -1.38 1
0.09 -0.82 1
-0.90 -1.67 1
-0.14 -1.15 1
-1.83 0.31 1
0.71 -0.09 1
-1.98 0.37 1
0.40 -0.74 1
-0.84 -1.61 1
0.04 -1.24 1
0.47 -0.34 1
-1.06 -1.14 1
-1.88 -0.19 1
-0.19 -1.48 1
-0.12 -1.46 1
0.49 -0.27 1
-0.62 -1.57 1
0.04 -1.50 1
0.12 -1.00 1
-0.28 -1.58 1
-0.99 -1.76 1
-1.33 -1.25 1
0.87 0.72 1
-0.10 -1.31 1
-1.14 -1.22 1
0.61 -0.33 1
0.91 0.25 1
-0.92 -1.52 1
-1.89 -0.04 1
1.00 0.60 1
-0.38 -1.57 1
-1.86 -0.15 1
-0.43 -1.38 1
-1.94 0.71 1
0.30 -0.79 1
-1.30 -1.14 1
0.58 0.02 1
0.72 0.08 1
0.39 -0.65 1
-0.09 -1.57 1
0.22 -1.25 1
-0.60 -1.43 1
-1.99 0.24 1
-0.48 -1.39 1
0.11 -1.22 1
-1.16 -1.16 1
-1.09 -1.19 1
0.68 0.10 1
-0.43 -1.39 1
-0.12 -1.53 1
-0.94 -1.36 1
-0.13 -1.50 1
-1.33 -1.21 1
-1.49 -0.96 1
0.22 -0.72 1
0.26 -0.87 1
0.55 -0.00 1
-0.66 -1.63 1
-0.49 -1.77 1
-0.98 -1.54 1
-0.14 -1.42 1
-0.42 -1.54 1
-0.42 -1.66 1
-2.07 -0.10 1
0.18 -1.01 1
-0.89 -1.39 1
-0.67 -1.63 1
-1.99 0.59 1
-1.57 -1.14 1
0.73 -0.45 1
-1.00 -1.37 1
-1.57 -0.33 1
0.75 0.28 1
0.07 -1.11 1
0.25 -0.27 1
0.35 -0.10 1
0.31 -0.97 1
-1.75 0.06 1
-0.42 -1.81 1
-0.92 -1.35 1
-0.60 -1.67 1
-0.95 -1.45 1
-1.88 -0.39 1
0.35 -0.59 1
-1.64 -0.61 1
-1.78 0.44 1
-0.26 -1.40 1
-1.19 -1.44 1
-1.78 0.15 1
-0.72 -1.49 1
0.57 0.40 1
-1.96 0.07 1
0.22 -0.71 1
-0.15 -0.79 1
0.06 -1.03 1
0.46 -0.34 1
0.77 0.86 1
0.61 0.14 1
-0.30 -1.36 1
0.73 0.12 1
-0.02 -1.47 1
-0.48 -1.73 1
-1.22 -1.10 1
-0.67 -1.65 1
-1.46 -1.44 1
-1.94 0.33 1
0.66 -0.21 1
-0.25 -1.45 1
-0.37 -1.39 1
-0.14 -1.50 1
-1.37 -1.01 1
-0.57 -1.47 1
-0.43 -1.61 1
-0.35 -1.75 1
-1.38 -0.67 1
0.97 0.34 1
-0.91 -1.60 1
-2.09 0.20 1
-1.89 0.21 1
-1.06 -1.66 1
-1.30 -0.32 1
0.88 0.83 1
0.74 0.11 1
-1.37 -1.00 1
-1.41 -1.06 1
0.31 -0.44 1
-1.57 -0.93 1
0.30 -0.53 1
0.80 0.04 1
-1.24 -1.04 1
-2.00 -0.13 1
-0.98 -1.18 1
0.47 -0.21 1
0.63 0.84 1
0.46 0.29 1
-0.23 -1.16 1
1.02 0.73 1
-0.93 -1.52 1
-1.47 -0.83 1
-2.17 0.30 1
-2.02 0.22 1
-1.30 -1.08 1
-2.20 0.24 1
-1.97 -0.64 1
0.40 -0.66 1
-1.68 -0.54 1
-2.07 0.24 1
0.25 -0.93 1
-1.74 -0.31 1
0.62 0.24 1
-1.83 0.26 1
-0.35 -1.52 1
-0.47 -1.65 1
-0.40 -1.47 1
-1.77 -0.57 1
-1.05 -1.18 1
-1.08 -1.28 1
-0.52 -1.86 1
-1.50 -0.75 1
-1.87 0.23 1
0.05 -1.13 1
-1.20 -1.30 1
-1.21 -1.39 1
-1.22 -0.98 1
-0.35 -1.55 1
-0.70 -1.53 1
0.38 -1.05 1
-1.90 0.01 1
-0.83 -1.38 1
0.95 0.36 1
0.19 -0.64 1
-1.58 -0.61 1
0.27 -0.81 1
-1.24 -1.20 1
-0.18 -1.65 1
-0.65 -1.69 1
-0.55 -1.45 1
-0.23 -1.47 1
-0.47 -1.36 1
0.12 -1.59 1
0.51 -0.54 1
0.86 0.58 1
-1.82 0.47 1
-1.48 -0.85 1
-0.82 -1.62 1
-0.32 -1.35 1
0.45 -0.11 1
0.38 -0.85 1
0.04 -1.00 1
-0.13 -1.37 1
-0.41 -1.81 1
-0.54 -1.75 1
0.68 0.66 1
0.80 0.93 1
0.40 -0.81 1
-0.16 -1.07 1
-1.32 -0.88 1
-0.86 -1.40 1
-0.94 -1.54 1
-0.18 -1.50 1
-1.33 -1.04 1
0.57 -0.69 1
0.64 -0.05 1
-1.86 0.16 1
-1.41 -0.90 1
-1.23 -1.34 1
-0.77 -1.54 1
0.13 -0.52 1
-0.69 -1.45 1
-2.12 0.61 1
0.83 -0.14 1
0.60 0.05 1
0.54 0.14 1
-0.67 -1.55 1
0.26 -0.49 1
0.57 -0.20 1
-1.37 -0.60 1
0.22 -0.65 1
-1.91 -0.42 1
-1.86 0.08 1
-1.10 -1.25 1
-1.40 -0.75 1
0.49 -0.10 1
0.10 -0.98 1
0.87 -0.17 1
-0.24 -1.62 1
-0.21 -1.32 1
0.50 -0.43 1
-1.54 -1.00 1
-0.58 -1.33 1
-1.47 -1.16 1
0.32 -0.84 1
0.11 -1.16 1
-1.32 -1.05 1
0.80 0.38 1
-1.65 -0.25 1
0.02 -1.15 1
0.90 0.31 1
0.20 -1.28 1
-0.58 -1.40 1
-2.34 0.01 1
-0.69 -1.78 1
0.44 -0.89 1
-0.64 -1.12 1
-1.16 -1.19 1
-1.85 -0.64 1
-0.44 -1.41 1
0.10 -1.15 1
-1.11 -1.47 1
-1.56 -0.90 1
0.84 0.43 1
0.88 0.42 1
-0.44 -1.33 1
0.84 0.27 1
-0.47 -1.43 1
-0.43 -1.68 1
0.51 -0.31 1
-0.60 -1.47 1
0.46 -0.34 1
-0.17 -1.48 1
-0.36 -1.40 1
0.27 -1.31 1
-1.48 -0.65 1
-0.17 -1.19 1
0.14 -0.70 1
-0.03 -0.84 1
-0.35 -1.50 1
0.36 0.10 1
-1.37 -1.37 1
-0.61 -1.64 1
-1.73 -0.34 1
-1.17 -0.95 1
0.40 -0.91 1
-1.86 0.14 1
0.37 -0.49 1
0.24 -0.91 1
-0.29 -1.51 1
-0.56 -1.48 1
-0.99 -1.51 1
-1.47 -0.90 1
-1.53 -0.56 1
-0.34 -1.64 1
-1.71 -0.25 1
-0.58 -1.50 1
-0.06 -1.21 1
0.49 -1.08 1
-0.57 -1.66 1
-0.80 -1.70 1
-2.10 0.17 1
-1.41 -1.30 1
-1.83 -0.14 1
-0.17 -0.79 1
0.23 -0.56 1
-0.04 -1.01 1
-1.02 -1.01 1
0.47 -0.40 1
0.32 -0.40 1
-0.42 -1.56 1
-1.23 -1.54 1
0.92 0.25 1
-0.71 -1.64 1
-1.71 -0.02 1
-0.02 -1.23 1
0.16 -0.75 1
-1.85 -0.69 1
-1.44 -0.40 1
-0.59 -1.31 1
0.20 -0.77 1
0.87 -0.24 1
0.82 0.18 1
-0.09 -1.12 1
0.87 0.37 1
0.45 -0.12 1
-1.98 0.66 1
-1.93 -0.06 1
-0.11 -1.44 1
-0.08 -1.45 1
-0.29 -1.60 1
0.82 0.51 1
-0.73 -1.73 1
-1.57 -0.74 1
0.24 -0.75 1
-0.32 -1.57 1
0.58 -0.38 1
0.11 -1.28 1
-0.48 -1.52 1
-1.70 -0.50 1
-1.38 -0.35 1
-1.96 -0.19 1
-1.45 -1.06 1
0.00 -1.44 1
-0.46 -1.54 1
-0.55 -1.33 1
-1.19 -1.11 1
-1.27 -1.23 1
0.89 0.40 1
0.06 -1.18 1
0.27 -0.72 1
-1.58 -0.68 1
0.13 -1.04 1
-2.08 0.07 1
-0.10 -1.57 1
-0.97 -1.62 1
-0.70 -1.48 1
0.86 0.67 1
-2.03 0.02 1
-2.07 0.22 1
-1.33 -0.90 1
-0.98 -0.96 1
0.56 0.09 1
0.24 -0.67 1
-0.27 -1.49 1
0.54 0.09 1
0.10 -1.08 1
0.63 0.80 1
-1.26 -1.24 1
-0.01 -0.37 1
-1.16 -1.34 1
-0.80 -1.47 1
0.89 0.61 1
0.60 -0.05 1
-1.74 0.01 1
-1.42 -0.89 1
-0.94 -1.54 1
0.42 -0.19 1
-1.70 -0.61 1
-1.78 0.36 1
0.32 -0.24 1
-0.57 -1.64 1
-0.00 -1.40 1
-1.48 -0.69 1
0.31 -0.53 1
-1.43 -0.57 1
-0.08 -1.33 1
-0.07 -1.00 1
0.38 -0.53 1
-2.05 0.03 1
-0.19 -1.54 1
-0.63 -1.64 1
-0.73 -1.50 1
0.10 -1.45 1
-1.75 -0.40 1
-1.64 -0.46 1
-0.31 -1.23 1
-0.05 -1.28 1
-0.25 -1.64 1
-0.28 -1.71 1
0.08 -1.40 1
0.84 0.65 1
-1.48 -0.79 1
-0.76 -1.32 1
-0.48 -1.81 1
-1.34 -0.63 1
-2.01 0.24 1
-1.33 -1.25 1
-0.65 -1.43 1
-0.44 -1.43 1
-1.16 -1.20 1
0.96 1.36 2
-0.62 -0.07 2
-0.94 -0.62 2
-0.72 -0.17 2
-0.55 0.02 2
-0.60 -0.64 2
0.19 1.52 2
0.15 0.84 2
-0.26 0.78 2
1.73 0.54 2
-0.37 0.43 2
0.05 1.19 2
1.06 0.74 2
0.76 1.29 2
0.87 1.27 2
0.79 1.49 2
0.93 1.56 2
1.59 0.35 2
0.28 1.23 2
0.89 1.29 2
0.01 0.73 2
1.92 -0.45 2
1.18 1.46 2
1.13 1.42 2
-0.44 0.09 2
-0.37 0.31 2
-0.34 1.06 2
1.57 0.42 2
0.35 1.01 2
0.33 1.21 2
-0.38 0.31 2
-0.13 0.40 2
-0.73 -0.55 2
1.73 0.37 2
1.95 0.03 2
1.94 -0.38 2
1.57 0.14 2
-0.10 1.05 2
1.24 0.78 2
0.12 1.12 2
1.25 1.02 2
-0.14 0.50 2
0.09 1.07 2
0.75 1.47 2
-0.79 0.28 2
1.19 1.05 2
2.13 -0.74 2
-0.30 0.45 2
-0.36 0.43 2
1.67 0.43 2
0.23 1.19 2
-1.21 -1.01 2
0.43 1.12 2
-0.81 -0.33 2
1.10 1.26 2
1.30 1.27 2
0.39 1.32 2
-0.87 -0.82 2
1.76 0.32 2
0.86 1.21 2
1.52 0.46 2
0.83 1.20 2
-0.94 -0.97 2
-0.40 0.12 2
0.47 1.35 2
0.42 1.55 2
0.84 1.10 2
0.29 1.28 2
1.70 0.44 2
0.63 1.28 2
1.42 0.73 2
-0.71 -0.65 2
0.68 1.42 2
-0.36 0.17 2
0.67 1.34 2
-0.21 0.94 2
0.98 1.22 2
1.99 -0.33 2
-0.40 -0.37 2
0.70 1.60 2
0.17 1.10 2
0.30 1.21 2
-0.19 0.79 2
1.95 -0.18 2
-0.86 -0.12 2
1.03 1.28 2
0.42 1.58 2
-0.13 1.15 2
0.06 1.12 2
-0.90 -0.78 2
1.66 0.26 2
1.97 -0.44 2
0.76 1.24 2
-0.56 -0.28 2
0.36 1.52 2
1.33 1.06 2
-0.63 -0.26 2
-0.97 -0.91 2
-0.30 0.83 2
0.37 1.67 2
-0.25 0.28 2
0.98 1.28 2
0.72 1.52 2
-0.67 -0.31 2
-0.63 0.10 2
1.66 0.29 2
0.16 1.50 2
2.13 -0.46 2
1.43 0.86 2
1.01 1.01 2
1.28 0.84 2
-0.41 0.90 2
1.35 0.59 2
1.74 -0.52 2
1.89 -0.50 2
1.36 1.23 2
-0.76 0.19 2
-0.59 -0.23 2
1.46 0.89 2
-0.15 0.76 2
-0.40 -0.32 2
1.72 0.11 2
0.73 1.64 2
0.89 1.36 2
1.08 1.07 2
-0.77 -0.63 2
1.76 -0.29 2
0.90 0.92 2
1.31 1.28 2
0.34 1.38 2
-0.85 -0.58 2
1.86 -0.15 2
1.37 0.70 2
1.61 -0.04 2
-0.72 -0.51 2
-0.20 0.99 2
1.85 0.57 2
-0.81 -1.23 2
-0.57 -0.16 2
-0.51 -0.17 2
0.96 1.36 2
0.43 1.46 2
-0.83 0.16 2
0.11 1.25 2
0.46 1.30 2
-0.50 -0.14 2
-0.76 -0.01 2
1.63 0.23 2
-0.20 1.12 2
1.48 0.96 2
0.93 1.60 2
1.61 0.75 2
0.96 1.29 2
-0.80 -0.48 2
0.73 1.43 2
1.30 1.21 2
0.64 1.45 2
0.74 1.33 2
0.57 1.21 2
2.02 -0.61 2
0.87 1.36 2
0.49 1.35 2
0.06 1.14 2
1.86 -0.08 2
-0.27 0.80 2
-0.08 0.84 2
-0.44 0.09 2
-0.64 -0.77 2
0.31 1.43 2
-0.39 0.23 2
1.43 0.52 2
1.52 0.40 2
-0.69 -0.05 2
0.77 1.52 2
2.13 -0.75 2
0.05 1.13 2
0.65 1.55 2
0.28 1.22 2
-0.42 0.42 2
0.58 1.28 2
0.39 1.41 2
0.27 0.75 2
-0.96 -0.31 2
1.96 -0.35 2
-0.37 0.26 2
0.86 1.45 2
-1.00 -0.93 2
1.69 0.58 2
0.75 1.63 2
0.97 1.23 2
2.00 -0.36 2
1.70 0.25 2
-0.68 -0.02 2
2.01 -0.41 2
0.05 1.43 2
-0.08 0.96 2
1.93 -0.39 2
0.92 1.30 2
0.60 1.62 2
2.01 -0.59 2
1.60 0.80 2
-0.51 0.59 2
0.64 1.21 2
-0.54 -0.08 2
0.37 1.45 2
0.95 1.35 2
1.97 -0.27 2
-0.08 1.38 2
-0.81 -0.13 2
0.80 1.11 2
1.58 0.10 2
2.18 0.02 2
0.66 1.37 2
1.48 0.89 2
0.76 1.42 2
0.38 1.29 2
1.76 0.33 2
0.55 1.22 2
0.21 1.09 2
0.92 1.06 2
0.55 1.40 2
0.60 1.57 2
0.10 0.96 2
0.96 1.56 2
-0.31 0.24 2
-0.82 -0.04 2
1.47 0.31 2
0.32 1.16 2
1.97 0.09 2
1.52 0.11 2
0.88 1.30 2
1.42 0.54 2
-1.02 -0.55 2
1.33 1.19 2
1.65 1.22 2
-1.03 -0.85 2
0.11 1.25 2
-0.50 0.55 2
1.78 0.32 2
0.45 1.27 2
1.87 -0.15 2
-0.26 0.44 2
0.14 1.24 2
1.41 -0.09 2
0.46 1.30 2
-0.59 0.18 2
1.54 0.37 2
0.82 1.35 2
-0.11 0.57 2
1.76 0.29 2
1.85 -0.15 2
0.40 1.39 2
0.82 1.53 2
0.78 1.64 2
0.43 1.31 2
0.25 1.14 2
0.12 1.23 2
1.53 0.69 2
2.16 -0.63 2
0.90 1.18 2
0.51 1.49 2
0.48 1.43 2
1.65 0.20 2
1.95 -0.71 2
-0.50 0.38 2
1.10 1.36 2
-0.53 -0.27 2
1.69 0.06 2
1.46 0.48 2
0.05 1.23 2
-0.21 1.13 2
0.70 1.27 2
1.85 -0.13 2
-0.73 -0.39 2
-0.33 0.29 2
-0.33 0.70 2
1.81 0.74 2
1.66 0.19 2
1.37 0.75 2
2.19 -0.55 2
1.73 0.39 2
0.13 0.79 2
-0.14 1.28 2
1.80 0.50 2
0.57 1.44 2
0.07 0.68 2
0.59 1.56 2
-0.64 -0.26 2
0.35 1.43 2
1.68 0.13 2
2.43 -0.58 2
0.86 1.59 2
-0.25 -0.03 2
0.12 1.19 2
0.86 1.38 2
-0.88 -0.01 2
2.06 -0.38 2
0.69 1.39 2
0.89 1.55 2
1.51 -0.02 2
0.87 1.10 2
1.17 1.03 2
0.58 1.50 2
-0.25 0.67 2
1.61 0.32 2
0.20 1.34 2
0.42 1.65 2
0.76 1.12 2
1.87 -0.21 2
1.78 -0.60 2
1.74 -0.18 2
-0.12 0.15 2
1.42 1.02 2
1.56 -0.34 2
0.51 1.40 2
1.75 -0.44 2
-0.16 0.82 2
1.31 1.35 2
1.22 0.91 2
2.24 -0.77 2
1.17 0.73 2
0.60 1.52 2
0.16 1.31 2
0.90 1.37 2
-0.49 0.11 2
1.99 -0.29 2
-0.23 0.04 2
-0.05 0.85 2
0.91 1.26 2
0.59 1.28 2
1.70 0.54 2
1.64 0.71 2
1.74 -0.31 2
0.45 1.39 2
0.87 1.38 2
0.78 1.39 2
0.68 1.23 2
1.67 1.08 2
-0.74 -0.00 2
-0.65 -0.71 2
0.59 1.47 2
-0.09 0.99 2
1.15 1.15 2
1.12 1.11 2
1.83 0.06 2
0.37 1.45 2
1.67 0.08 2
1.81 0.43 2
1.37 0.44 2
0.37 1.32 2
2.03 -0.43 2
-0.22 0.67 2
1.13 0.85 2
1.65 -0.04 2
-0.29 1.00 2
0.67 1.13 2
-0.69 -0.98 2
1.46 0.43 2
-0.94 -0.19 2
0.55 1.28 2
1.06 1.10 2
1.77 0.73 2
-0.80 -0.43 2
1.94 -0.61 2
-0.55 -0.37 2
1.70 0.55 2
1.51 0.85 2
0.02 0.80 2
0.68 1.51 2
0.21 1.14 2
0.30 1.36 2
1.11 1.01 2
0.11 1.58 2
-0.14 1.12 2
-0.36 0.41 2
-0.65 0.01 2
-0.55 0.18 2
-0.72 -0.24 2
-0.12 0.67 2
-0.46 -0.11 2
1.61 0.11 2
-1.01 -0.72 2
-0.12 0.69 2
1.72 -0.12 2
0.56 1.47 2
1.56 0.89 2
-0.71 -0.48 2
0.07 1.34 2
1.03 1.17 2
1.01 1.10 2
-0.51 0.39 2
-0.55 -0.20 2
1.45 0.77 2
0.32 1.45 2
-0.65 -0.09 2
1.96 -0.56 2
0.47 1.39 2
-0.90 0.55 2
-0.43 0.17 2
0.33 1.42 2
-0.10 0.59 2
0.46 1.43 2
0.37 1.46 2
1.84 0.27 2
0.37 1.36 2
-0.65 -0.78 2
1.68 0.71 2
0.98 1.34 2
-0.65 -0.34 2
-0.81 0.07 2
0.73 1.52 2
1.38 0.70 2
-0.30 0.25 2
0.18 1.48 2
1.31 1.24 2
1.89 -0.30 2
0.37 1.42 2
0.08 1.26 2
-0.57 0.15 2
1.67 0.97 2
-0.06 0.86 2
1.71 0.75 2
0.94 1.44 2
1.69 0.45 2
-0.28 0.88 2
1.49 0.88 2
0.20 1.12 2
1.56 0.11 2
0.10 1.57 2
-0.86 -0.21 2
-0.02 1.07 2
-0.07 0.90 2
-0.49 -0.32 2
1.72 -0.35 2
-0.53 0.73 2
0.28 1.51 2
0.76 1.29 2
0.18 1.33 2
0.73 1.67 2
1.87 -0.38 2
0.99 1.46 2
0.27 1.27 2
1.94 -0.17 2
0.21 1.46 2
1.23 1.01 2
-0.72 -0.93 2
0.81 1.45 2
1.81 0.12 2
0.45 1.40 2
0.09 0.94 2
1.94 0.75 2
1.11 1.40 2
0.74 1.52 2
1.59 0.72 2
0.45 1.50 2
-0.41 0.25 2
0.15 1.24 2
-0.20 0.65 2
1.62 0.45 2
2.20 -0.16 2
-0.05 0.84 2
1.01 1.36 2
1.32 1.15 2
-0.90 -0.77 2
0.45 1.27 2
0.22 1.02 2
2.15 -0.09 2
1.59 -0.19 2
0.56 1.53 2
-0.16 -0.00 2
0.93 1.06 2
-0.23 0.55 2
1.72 0.58 2
-0.92 -0.83 2
1.02 1.34 2
0.66 1.23 2
0.14 1.10 2
0.50 1.44 2
1.55 0.10 2
0.38 1.35 2
-0.76 0.20 2
0.32 1.68 2
-0.53 0.32 2
0.64 1.52 2
-0.86 -0.42 2
0.35 1.00 2
0.39 1.35 2
0.73 1.47 2
1.17 1.44 2
-0.17 0.73 2
1.36 0.52 2
0.33 1.12 2
-0.87 -1.29 2
-0.61 -0.20 2
1.08 1.30 2
0.09 1.14 2
-0.04 0.78 2
0.91 1.40 2
-0.23 0.66 2
-0.05 1.17 2
