-1.47 -0.38 1
-1.13 0.05 1
-1.83 -0.98 1
-1.89 -0.82 1
-0.57 1.03 1
-0.79 0.33 1
-1.86 -0.98 1
-0.99 0.30 1
-1.26 -0.04 1
-1.09 0.44 1
-1.72 -0.69 1
-1.49 -0.27 1
-1.49 -0.31 1
-1.28 -0.27 1
-1.24 -0.04 1
-1.54 -0.33 1
-0.70 0.57 1
-0.70 0.89 1
-1.05 0.08 1
-0.58 0.84 1
-0.81 0.19 1
-0.97 0.16 1
-1.37 -0.17 1
-0.61 0.91 1
-0.62 0.81 1
-0.61 1.07 1
-1.13 0.21 1
-0.92 0.37 1
-0.82 0.48 1
-1.73 -0.68 1
-0.67 1.02 1
-1.78 -0.53 1
-0.77 0.87 1
-0.88 0.48 1
-1.41 -0.28 1
-0.90 0.39 1
-0.94 0.49 1
-1.88 -0.94 1
-1.18 -0.25 1
-1.54 -0.47 1
-1.24 0.38 1
-0.68 0.65 1
-1.42 -0.11 1
-1.36 -0.20 1
-1.38 -0.26 1
-1.27 -0.23 1
-1.13 -0.13 1
-1.71 -0.70 1
-0.65 0.54 1
-0.71 0.58 1
-1.48 -0.21 1
-0.93 0.39 1
-1.36 -0.56 1
-2.05 -0.80 1
-1.90 -0.75 1
-1.37 -0.09 1
-1.73 -0.61 1
-1.22 -0.11 1
-1.81 -0.78 1
-0.87 0.53 1
-1.15 0.14 1
-1.09 0.37 1
-0.46 0.97 1
-2.07 -0.89 1
-0.87 0.45 1
-1.20 0.05 1
-0.91 0.62 1
-1.20 -0.10 1
-1.83 -1.05 1
-0.86 0.23 1
-0.98 0.46 1
-0.63 0.83 1
-1.10 0.13 1
-1.08 0.10 1
-1.36 -0.16 1
-1.31 -0.16 1
-1.27 -0.17 1
-1.10 0.14 1
-1.84 -1.02 1
-1.53 -0.55 1
-0.69 0.73 1
-1.93 -1.00 1
-1.83 -0.94 1
-0.43 0.58 1
-1.07 0.05 1
-1.77 -0.73 1
-1.99 -0.89 1
-1.37 -0.11 1
-1.87 -0.93 1
-0.82 0.21 1
-1.67 -0.94 1
-1.56 -0.50 1
-1.53 -0.85 1
-1.44 -0.56 1
-0.81 0.68 1
-1.25 -0.10 1
-1.61 -0.83 1
-1.11 -0.10 1
-1.45 -0.13 1
-0.91 0.64 1
-1.36 -0.25 1
-1.57 -0.71 1
-0.83 0.34 1
-1.69 -0.64 1
-0.72 0.60 1
-1.26 -0.27 1
-0.72 0.61 1
-1.02 0.26 1
-1.81 -1.06 1
-0.98 0.30 1
-1.69 -0.69 1
-0.48 0.82 1
-1.97 -0.79 1
-0.61 0.85 1
-1.01 0.44 1
-1.83 -0.82 1
-1.02 0.39 1
-0.49 0.80 1
-1.86 -0.34 1
-0.63 0.55 1
-1.45 -0.45 1
-0.58 0.59 1
-0.55 0.99 1
-1.08 0.23 1
-1.32 -0.14 1
-1.70 -0.71 1
-1.57 -0.64 1
-1.41 -0.35 1
-0.70 0.68 1
-1.05 0.74 1
-0.60 0.88 1
-1.73 -0.91 1
-0.65 0.93 1
-1.32 -0.03 1
-0.46 0.98 1
-1.27 0.14 1
-0.80 0.76 1
-1.46 -0.60 1
-1.42 -0.54 1
-0.49 1.02 1
-1.29 -0.05 1
-1.28 -0.08 1
-1.70 -0.56 1
-0.97 0.76 1
-1.24 -0.13 1
-0.60 0.84 1
-0.78 0.67 1
-0.97 0.42 1
-1.00 0.02 1
-1.40 -0.17 1
-1.22 0.32 1
-1.48 -0.19 1
-1.45 -0.45 1
-1.75 -0.58 1
-1.19 0.14 1
-0.38 0.82 1
-1.57 -0.32 1
-1.74 -0.86 1
-1.24 -0.18 1
-0.78 0.35 1
-1.67 -0.36 1
-2.02 -0.87 1
-0.57 0.82 1
-1.21 0.01 1
-1.97 -0.90 1
-0.80 0.80 1
-0.42 0.78 1
0.11 0.22 1
0.71 -0.77 1
0.25 -0.04 1
0.32 -0.23 1
-0.07 0.62 1
0.52 -0.36 1
-0.25 0.36 1
0.77 -0.64 1
0.65 -0.78 1
-0.41 1.12 1
-0.56 0.98 1
0.57 -0.36 1
-0.47 0.82 1
1.02 -0.69 1
0.10 -0.18 1
0.93 -0.62 1
-0.37 0.84 1
0.52 -0.34 1
0.60 -0.77 1
0.09 0.14 1
-0.08 0.56 1
0.27 0.04 1
0.09 0.19 1
0.02 0.32 1
-0.02 0.37 1
0.16 0.32 1
-0.21 0.47 1
-0.28 0.89 1
0.09 0.43 1
-0.52 1.03 1
-0.00 0.25 1
0.30 -0.28 1
0.09 0.05 1
0.68 -0.34 1
-0.08 0.35 1
0.60 -0.35 1
0.15 0.07 1
-0.33 0.86 1
-0.11 0.62 1
-0.51 1.02 1
0.19 0.07 1
-0.39 1.04 1
0.67 -0.64 1
0.75 -0.75 1
-0.17 0.75 1
0.17 0.09 1
0.50 -0.22 1
-0.29 0.70 1
0.43 -0.26 1
0.67 -0.65 1
-0.11 0.58 1
-0.37 0.95 1
-0.50 0.76 1
-0.40 0.99 1
0.44 0.01 1
0.25 0.12 1
0.34 -0.18 1
0.87 -0.93 1
-0.52 0.95 1
0.05 0.27 1
-0.39 1.12 1
0.51 -0.33 1
0.86 -0.85 1
0.19 0.13 1
-0.14 0.50 1
-0.14 0.67 1
-0.52 1.01 1
0.47 -0.48 1
-0.55 0.76 1
-0.45 0.98 1
0.72 -0.27 1
0.74 -0.46 1
0.46 -0.33 1
0.13 0.19 1
0.76 -0.79 1
0.86 -0.80 1
-0.28 0.65 1
-0.39 1.04 1
-0.45 0.88 1
-0.25 0.65 1
-0.20 0.59 1
-0.01 0.36 1
-0.13 0.37 1
0.91 -0.87 1
-0.51 0.84 1
-0.33 0.55 1
-0.12 0.34 1
0.91 -0.96 1
0.11 -0.33 1
0.30 -0.33 1
-0.30 0.76 1
0.50 -0.52 1
0.83 -0.52 1
-0.15 0.74 1
0.98 -0.72 1
-0.16 0.40 1
0.46 -0.28 1
0.02 0.40 1
0.17 -0.07 1
-0.51 1.00 1
-0.09 0.60 1
-0.23 0.81 1
0.24 0.35 1
0.45 -0.24 1
-0.25 0.90 1
0.49 -0.49 1
0.21 0.38 1
-0.16 0.64 1
0.80 -0.83 1
-0.32 0.72 1
0.52 -0.70 1
0.76 -0.96 1
0.71 -0.72 1
-0.36 0.79 1
-0.44 0.88 1
0.31 -0.35 1
-0.39 0.94 1
0.36 -0.25 1
0.71 -0.90 1
0.54 -0.37 1
-0.33 0.94 1
0.64 -0.57 1
-0.32 0.74 1
0.31 -0.15 1
0.96 -0.94 1
-0.33 0.90 1
0.54 -0.33 1
0.61 -0.41 1
-0.07 0.11 1
-0.32 0.74 1
-0.22 0.69 1
-0.26 0.56 1
0.57 -0.25 1
-0.13 0.44 1
-0.12 0.69 1
0.84 -0.82 1
0.34 0.01 1
-0.21 0.62 1
-0.19 0.77 1
-0.27 0.53 1
0.40 -0.17 1
0.08 0.53 1
-0.04 0.47 1
0.43 -0.43 1
-0.19 0.57 1
-0.17 0.57 1
0.13 0.21 1
0.61 -0.51 1
0.70 -0.82 1
0.63 -0.37 1
0.64 -0.52 1
0.73 -0.54 1
0.93 -0.92 1
0.57 -0.54 1
0.17 0.14 1
-0.48 0.87 1
0.43 -0.19 1
-0.09 0.33 1
0.06 0.23 1
0.32 -0.03 1
0.07 0.47 1
0.53 -0.59 1
0.73 -0.46 1
0.83 -0.77 1
0.24 -0.16 1
0.86 -0.69 1
0.59 -0.68 1
2.35 0.59 1
2.22 0.55 1
1.32 -0.82 1
1.50 -0.26 1
1.81 0.09 1
1.15 -0.98 1
2.40 0.78 1
2.03 0.50 1
2.05 0.36 1
2.33 0.56 1
1.59 -0.31 1
1.52 -0.12 1
2.21 0.64 1
1.66 -0.46 1
2.38 0.92 1
1.58 0.05 1
1.86 0.02 1
1.62 -0.61 1
1.36 -0.76 1
1.54 -0.22 1
2.16 0.65 1
1.40 -0.27 1
1.56 -0.34 1
2.47 0.80 1
1.52 -0.14 1
1.88 -0.06 1
2.40 0.79 1
1.74 -0.10 1
2.48 1.02 1
2.34 0.37 1
1.81 -0.10 1
2.51 0.93 1
1.15 -1.01 1
1.69 -0.06 1
2.07 0.36 1
2.25 0.75 1
1.29 -0.40 1
1.23 -0.95 1
1.50 0.06 1
1.55 -0.35 1
1.73 -0.09 1
2.47 0.88 1
1.92 -0.02 1
2.45 0.77 1
2.31 0.74 1
2.42 0.79 1
1.45 -0.44 1
2.17 0.72 1
2.43 0.76 1
1.71 -0.27 1
2.28 0.36 1
1.18 -0.91 1
2.41 0.95 1
1.83 -0.28 1
1.56 -0.41 1
1.44 -0.72 1
1.35 -0.49 1
1.68 0.13 1
2.26 0.47 1
1.98 -0.01 1
2.36 0.56 1
1.60 -0.44 1
2.31 0.47 1
1.81 -0.40 1
2.40 1.07 1
2.39 0.73 1
1.98 0.44 1
2.42 0.73 1
1.59 -0.20 1
2.53 0.94 1
1.72 -0.28 1
1.61 -0.27 1
1.91 0.42 1
2.52 0.75 1
1.62 -0.25 1
1.19 -1.06 1
1.97 0.43 1
1.60 -0.11 1
1.71 0.05 1
2.46 0.84 1
1.75 0.03 1
1.79 0.06 1
2.44 0.99 1
1.83 0.15 1
2.48 0.79 1
1.55 -0.37 1
1.97 0.27 1
1.93 0.14 1
0.84 -0.77 1
1.84 0.07 1
1.94 0.07 1
2.41 1.04 1
1.69 -0.20 1
2.58 0.96 1
1.85 -0.16 1
1.54 -0.57 1
1.85 0.41 1
1.60 0.01 1
2.20 0.93 1
2.35 1.06 1
1.06 -0.67 1
1.16 -0.77 1
1.61 -0.39 1
1.65 -0.04 1
1.42 -0.38 1
2.56 0.88 1
1.61 -0.35 1
1.38 -0.49 1
1.07 -0.87 1
1.19 -0.74 1
1.43 -0.25 1
1.50 -0.60 1
1.63 -0.25 1
2.35 0.98 1
2.16 0.42 1
1.54 -0.34 1
1.12 -0.65 1
1.62 -0.30 1
2.48 1.04 1
1.58 -0.36 1
2.36 0.94 1
2.31 0.48 1
1.32 -1.00 1
2.42 0.77 1
2.21 0.53 1
2.53 0.85 1
1.50 -0.64 1
1.86 0.09 1
1.97 0.20 1
1.79 0.15 1
2.39 0.90 1
2.18 0.35 1
2.50 0.84 1
1.80 -0.17 1
1.86 -0.06 1
2.65 0.67 1
1.15 -0.96 1
1.56 -0.55 1
1.77 -0.09 1
1.71 0.03 1
1.41 -0.82 1
1.79 0.25 1
2.15 0.48 1
2.26 0.39 1
1.87 0.06 1
1.54 -0.66 1
1.85 -0.16 1
1.95 -0.01 1
2.05 0.37 1
2.03 0.21 1
1.07 -0.85 1
1.79 -0.16 1
1.62 -0.24 1
2.28 0.74 1
1.84 0.09 1
1.96 0.35 1
2.37 0.52 1
1.28 -0.69 1
1.87 0.16 1
2.16 0.18 1
2.30 0.59 1
1.56 -0.37 1
1.61 -0.13 1
2.18 0.69 1
2.38 0.93 1
1.12 -0.97 1
2.59 0.92 1
-0.43 -0.65 2
-0.53 -0.71 2
-0.39 -0.71 2
-0.47 -0.65 2
-0.42 -0.95 2
-0.47 -0.81 2
-0.55 -0.70 2
-0.43 -0.76 2
-0.55 -0.78 2
-0.55 -0.86 2
-0.67 -0.72 2
-0.61 -0.89 2
-0.54 -0.72 2
-0.51 -0.78 2
-0.38 -0.76 2
-0.48 -0.62 2
-0.31 -1.02 2
-0.52 -0.86 2
-0.69 -0.65 2
-0.53 -0.83 2
-0.73 -0.69 2
-0.48 -0.77 2
-0.43 -0.75 2
-0.63 -0.66 2
-0.48 -0.83 2
-0.54 -0.74 2
-0.40 -0.62 2
-0.42 -0.68 2
-0.57 -0.62 2
-0.25 -0.84 2
-0.45 -0.85 2
-0.61 -0.75 2
-0.59 -0.84 2
-0.50 -0.72 2
-0.41 -0.75 2
-0.45 -0.59 2
-0.50 -0.63 2
-0.45 -0.83 2
-0.64 -0.78 2
-0.52 -0.75 2
-0.58 -0.61 2
-0.53 -0.65 2
-0.41 -0.74 2
-0.61 -0.80 2
-0.56 -0.68 2
-0.46 -0.88 2
-0.61 -0.83 2
-0.43 -0.63 2
-0.58 -0.90 2
-0.46 -0.83 2
-0.65 -0.69 2
-0.65 -0.77 2
-0.48 -0.73 2
-0.49 -0.68 2
-0.30 -0.86 2
-0.21 -0.82 2
-0.42 -0.96 2
-0.55 -0.69 2
-0.55 -0.77 2
-0.61 -0.74 2
-0.41 -0.56 2
-0.54 -0.77 2
-0.60 -0.83 2
-0.63 -0.74 2
-0.49 -0.59 2
-0.48 -0.59 2
-0.55 -0.61 2
-0.49 -0.71 2
-0.74 -0.66 2
-0.42 -0.70 2
-0.41 -0.80 2
-0.46 -0.70 2
-0.38 -0.61 2
-0.65 -0.68 2
-0.53 -0.71 2
-0.64 -0.70 2
-0.44 -0.97 2
-0.44 -1.06 2
-0.53 -0.76 2
-0.61 -0.58 2
-0.52 -0.84 2
-0.31 -0.91 2
-0.60 -0.70 2
-0.47 -0.79 2
-0.63 -0.78 2
-0.52 -0.77 2
-0.69 -0.65 2
-0.53 -0.79 2
-0.54 -0.74 2
-0.44 -0.93 2
-0.37 -0.69 2
-0.43 -0.71 2
-0.74 -0.67 2
-0.52 -0.77 2
-0.53 -0.76 2
-0.53 -0.75 2
-0.48 -0.90 2
-0.57 -0.65 2
-0.45 -0.70 2
-0.49 -0.74 2
-0.34 -0.54 2
-0.43 -0.79 2
-0.47 -0.85 2
-0.47 -0.65 2
-0.48 -0.56 2
-0.57 -0.61 2
-0.60 -0.81 2
-0.48 -0.70 2
-0.42 -0.61 2
-0.57 -0.81 2
-0.42 -0.57 2
-0.31 -0.69 2
-0.31 -0.86 2
-0.27 -0.90 2
-0.27 -1.03 2
-0.38 -0.63 2
-0.42 -0.68 2
-0.71 -0.78 2
-0.40 -0.72 2
-0.66 -0.91 2
-0.42 -0.74 2
-0.47 -0.75 2
-0.53 -0.87 2
-0.60 -0.62 2
-0.36 -0.64 2
-0.70 -0.79 2
-0.46 -0.63 2
-0.57 -0.90 2
-0.39 -0.84 2
-0.52 -0.53 2
-0.39 -0.82 2
-0.43 -0.54 2
-0.48 -0.84 2
-0.62 -0.72 2
-0.56 -0.75 2
-0.69 -0.89 2
-0.51 -0.75 2
-0.69 -0.77 2
-0.26 -0.63 2
-0.49 -0.79 2
-0.51 -0.63 2
-0.46 -0.67 2
-0.37 -0.58 2
-0.40 -0.74 2
-0.44 -0.92 2
-0.53 -0.90 2
-0.74 -0.65 2
-0.63 -0.71 2
-0.57 -0.74 2
-0.64 -0.78 2
-0.55 -0.72 2
-0.40 -0.76 2
-0.53 -0.85 2
-0.47 -0.86 2
-0.49 -0.62 2
-0.40 -0.98 2
-0.57 -0.88 2
-0.37 -0.65 2
-0.33 -0.68 2
-0.26 -0.71 2
-0.46 -0.70 2
-0.36 -0.77 2
-0.54 -0.77 2
-0.45 -0.78 2
-0.28 -0.72 2
-0.45 -0.77 2
-0.50 -0.81 2
-0.44 -0.86 2
-0.58 -0.78 2
-0.41 -0.89 2
-0.43 -0.93 2
-0.42 -0.78 2
-0.50 -0.69 2
-0.57 -0.59 2
-0.45 -0.66 2
-0.42 -0.77 2
-0.58 -0.72 2
-0.50 -0.94 2
-0.57 -0.71 2
-0.45 -0.66 2
-0.50 -0.57 2
-0.39 -0.76 2
-0.59 -0.74 2
-0.49 -0.84 2
-0.56 -0.70 2
-0.60 -0.70 2
-0.45 -0.62 2
-0.49 -0.62 2
-0.55 -0.85 2
-0.50 -0.78 2
-0.45 -0.71 2
-0.70 -0.76 2
-0.38 -0.77 2
-0.49 -0.83 2
-0.45 -0.78 2
-0.55 -0.62 2
-0.53 -0.60 2
-0.39 -0.66 2
-0.49 -0.70 2
-0.61 -0.69 2
-0.55 -0.75 2
-0.41 -0.85 2
-0.49 -0.73 2
-0.51 -0.73 2
-0.53 -0.74 2
-0.57 -0.71 2
-0.61 -0.62 2
-0.49 -0.75 2
-0.56 -0.78 2
-0.39 -0.72 2
-0.48 -0.62 2
-0.32 -0.78 2
-0.54 -0.71 2
-0.46 -0.82 2
-0.41 -0.79 2
-0.46 -0.76 2
-0.64 -0.67 2
-0.39 -0.88 2
-0.44 -0.64 2
-0.53 -0.53 2
-0.60 -0.66 2
-0.46 -0.60 2
-0.45 -0.79 2
-0.57 -0.79 2
-0.49 -0.77 2
-0.36 -0.66 2
-0.46 -0.53 2
-0.47 -0.70 2
-0.55 -0.79 2
-0.55 -0.81 2
-0.49 -0.69 2
-0.43 -0.75 2
-0.30 -0.64 2
-0.49 -0.88 2
-0.48 -0.81 2
-0.62 -0.95 2
-0.46 -0.77 2
-0.55 -0.75 2
-0.51 -0.69 2
-0.51 -0.82 2
-0.58 -0.77 2
-0.46 -0.75 2
-0.56 -0.79 2
-0.68 -0.73 2
-0.47 -0.69 2
-0.24 -0.69 2
-0.61 -0.78 2
-0.46 -0.73 2
-0.64 -0.89 2
-0.42 -0.54 2
-0.41 -0.70 2
0.99 0.83 2
1.07 0.85 2
1.12 0.77 2
1.17 0.81 2
0.96 0.54 2
1.09 0.76 2
1.12 0.71 2
1.10 0.71 2
0.98 0.70 2
1.08 0.76 2
0.90 0.75 2
1.04 0.70 2
1.05 0.80 2
0.91 0.81 2
0.91 0.76 2
1.08 0.89 2
1.07 0.67 2
0.87 0.76 2
1.13 0.83 2
0.79 0.63 2
1.15 0.64 2
1.01 0.61 2
1.09 0.82 2
0.89 0.76 2
0.93 0.74 2
0.97 0.92 2
1.15 0.73 2
0.95 0.56 2
0.90 0.61 2
1.07 0.64 2
1.03 0.80 2
1.19 0.92 2
0.94 0.62 2
0.82 0.98 2
1.13 0.71 2
0.99 0.67 2
0.94 0.76 2
0.85 0.94 2
1.10 0.77 2
1.25 0.63 2
1.17 0.85 2
0.97 0.86 2
0.79 0.77 2
1.14 0.69 2
1.09 0.83 2
1.10 0.56 2
0.86 0.89 2
0.92 0.84 2
0.85 0.62 2
1.05 0.62 2
1.11 0.68 2
1.01 0.81 2
1.01 0.86 2
0.86 0.66 2
1.15 0.74 2
1.16 0.84 2
1.01 0.47 2
1.08 0.70 2
1.03 0.76 2
0.96 0.81 2
1.01 0.81 2
1.01 0.85 2
1.03 0.86 2
1.05 0.92 2
1.21 0.93 2
1.08 0.77 2
0.89 0.65 2
1.07 0.68 2
1.09 0.81 2
0.86 0.74 2
1.21 0.77 2
0.97 0.93 2
0.96 0.71 2
0.96 0.73 2
0.90 0.76 2
0.91 0.73 2
1.02 0.87 2
1.11 0.99 2
1.04 0.71 2
0.96 0.64 2
1.15 0.78 2
1.05 0.69 2
1.07 0.64 2
1.15 0.63 2
1.17 0.65 2
0.93 0.74 2
1.03 0.70 2
1.03 0.63 2
0.90 0.73 2
0.94 0.79 2
0.94 0.84 2
0.90 0.64 2
0.87 0.90 2
1.00 0.63 2
1.01 0.76 2
0.86 0.87 2
0.88 0.87 2
1.23 0.62 2
1.12 0.87 2
1.10 0.82 2
1.07 0.58 2
0.87 0.56 2
0.96 0.83 2
1.00 0.88 2
1.19 0.74 2
0.96 0.81 2
0.84 0.89 2
1.08 0.88 2
0.92 0.69 2
0.90 0.63 2
0.97 0.79 2
0.86 0.83 2
0.99 0.78 2
1.03 0.57 2
1.00 0.79 2
1.07 0.88 2
0.82 0.82 2
1.13 0.83 2
1.08 0.92 2
1.08 0.95 2
0.92 0.71 2
1.08 0.72 2
0.92 0.80 2
0.72 0.73 2
1.05 0.69 2
0.96 0.61 2
0.96 0.81 2
0.94 0.74 2
0.99 0.70 2
1.19 0.71 2
0.92 0.73 2
0.98 0.61 2
1.06 0.64 2
0.91 0.80 2
1.09 0.64 2
0.96 0.77 2
0.90 0.90 2
0.81 0.72 2
1.13 0.72 2
0.99 0.96 2
0.91 0.74 2
1.06 0.89 2
1.08 0.89 2
1.04 0.63 2
0.84 0.95 2
0.92 0.92 2
0.85 0.62 2
0.92 0.76 2
1.04 0.61 2
0.88 0.84 2
1.00 0.62 2
0.94 0.76 2
0.93 0.88 2
1.08 0.80 2
1.08 0.88 2
0.90 0.74 2
1.07 0.57 2
1.13 0.79 2
0.81 0.70 2
0.77 0.89 2
1.08 0.81 2
1.02 0.85 2
1.07 0.70 2
1.12 0.80 2
1.04 0.71 2
0.83 0.91 2
1.11 0.67 2
1.03 0.65 2
1.04 0.91 2
1.11 0.83 2
0.93 0.96 2
1.01 0.76 2
1.06 0.75 2
1.04 0.66 2
1.00 0.64 2
1.00 0.76 2
0.97 0.77 2
1.06 0.63 2
1.09 0.82 2
0.83 0.70 2
0.94 0.75 2
0.79 0.82 2
0.96 0.91 2
0.97 0.92 2
0.91 0.68 2
1.05 0.89 2
0.82 0.59 2
0.93 0.91 2
0.74 0.76 2
0.77 0.63 2
0.84 0.66 2
1.06 0.63 2
0.99 0.56 2
0.97 0.75 2
0.79 0.67 2
0.99 0.71 2
1.08 0.64 2
1.03 0.83 2
0.97 0.92 2
1.08 0.70 2
0.92 0.62 2
1.18 0.56 2
1.06 0.75 2
0.98 0.67 2
0.80 0.73 2
1.04 0.76 2
0.96 0.72 2
0.81 0.66 2
1.05 0.77 2
0.91 0.73 2
0.89 0.94 2
0.97 0.68 2
0.90 0.69 2
1.13 0.55 2
0.96 0.76 2
0.95 0.94 2
0.80 0.79 2
1.09 0.93 2
1.05 0.80 2
0.97 0.68 2
0.95 0.68 2
1.02 0.67 2
0.95 0.70 2
1.02 0.66 2
1.05 0.64 2
0.86 0.87 2
0.76 0.66 2
1.06 0.58 2
1.01 0.68 2
1.11 0.76 2
0.80 0.88 2
1.01 0.76 2
0.86 0.80 2
0.92 0.77 2
0.97 0.79 2
0.84 0.86 2
0.97 0.64 2
0.89 0.72 2
1.06 0.69 2
0.93 0.48 2
0.97 0.83 2
0.97 0.71 2
0.90 0.62 2
0.97 0.66 2
1.08 0.77 2
1.09 0.70 2
0.99 0.74 2
1.21 0.86 2
1.07 0.56 2
1.21 0.83 2
